0 0.721875 0.781250 0.725000 0.784375 0.725000 0.790625 0.728125 0.787500 0.731250 0.787500 0.734375 0.790625 0.737500 0.790625 0.737500 0.787500 0.740625 0.784375 0.740625 0.781250
0 0.528125 0.765625 0.528125 0.768750 0.525000 0.771875 0.525000 0.775000 0.528125 0.771875
0 0.443750 0.765625 0.450000 0.765625 0.453125 0.768750 0.456250 0.768750 0.459375 0.765625
0 0.556250 0.759375 0.556250 0.762500 0.553125 0.765625 0.546875 0.765625 0.546875 0.768750 0.550000 0.768750 0.556250 0.762500 0.562500 0.768750 0.562500 0.771875 0.565625 0.771875 0.568750 0.768750 0.568750 0.765625 0.562500 0.765625
0 0.500000 0.759375 0.500000 0.762500 0.496875 0.765625 0.490625 0.765625 0.493750 0.768750 0.496875 0.768750 0.496875 0.765625 0.500000 0.762500
0 0.468750 0.756250 0.468750 0.765625 0.475000 0.765625 0.471875 0.765625 0.468750 0.762500 0.471875 0.759375
0 0.300000 0.756250 0.300000 0.759375 0.303125 0.759375 0.306250 0.762500 0.306250 0.765625 0.315625 0.775000 0.318750 0.775000 0.318750 0.771875 0.315625 0.768750 0.315625 0.765625 0.312500 0.765625 0.309375 0.762500 0.309375 0.756250 0.306250 0.759375 0.303125 0.756250
0 0.765625 0.750000 0.765625 0.753125 0.768750 0.750000
0 0.578125 0.750000 0.578125 0.759375 0.581250 0.759375 0.584375 0.756250 0.584375 0.750000
0 0.493750 0.750000 0.496875 0.753125 0.496875 0.750000
0 0.446875 0.750000 0.450000 0.753125 0.453125 0.750000 0.456250 0.750000
0 0.343750 0.750000 0.343750 0.753125 0.346875 0.750000 0.350000 0.753125 0.353125 0.753125 0.353125 0.750000
0 0.290625 0.743750 0.293750 0.746875 0.293750 0.750000 0.300000 0.750000 0.296875 0.750000 0.293750 0.746875 0.293750 0.743750
0 0.490625 0.737500 0.490625 0.740625 0.493750 0.743750 0.500000 0.743750 0.500000 0.737500 0.496875 0.737500 0.493750 0.740625
0 0.768750 0.718750 0.765625 0.721875 0.765625 0.731250 0.762500 0.734375 0.746875 0.734375 0.746875 0.740625 0.743750 0.743750 0.740625 0.740625 0.740625 0.734375 0.734375 0.734375 0.734375 0.746875 0.731250 0.750000 0.734375 0.753125 0.731250 0.756250 0.725000 0.756250 0.721875 0.753125 0.721875 0.750000 0.718750 0.750000 0.718750 0.756250 0.721875 0.759375 0.728125 0.759375 0.731250 0.762500 0.728125 0.765625 0.718750 0.765625 0.721875 0.768750 0.721875 0.771875 0.725000 0.771875 0.728125 0.768750 0.731250 0.768750 0.734375 0.771875 0.734375 0.775000 0.737500 0.775000 0.746875 0.765625 0.750000 0.768750 0.750000 0.775000 0.753125 0.775000 0.753125 0.771875 0.756250 0.768750 0.756250 0.765625 0.753125 0.762500 0.756250 0.759375 0.756250 0.753125 0.759375 0.750000 0.759375 0.743750 0.762500 0.740625 0.765625 0.743750 0.771875 0.737500 0.771875 0.734375 0.768750 0.731250 0.771875 0.728125 0.771875 0.725000 0.778125 0.718750 0.781250 0.721875 0.781250 0.718750
0 0.737500 0.706250 0.734375 0.709375 0.734375 0.715625 0.731250 0.718750 0.725000 0.718750 0.728125 0.721875 0.715625 0.734375 0.709375 0.734375 0.706250 0.731250 0.706250 0.718750 0.706250 0.737500 0.703125 0.740625 0.700000 0.740625 0.700000 0.746875 0.696875 0.750000 0.693750 0.750000 0.696875 0.750000 0.700000 0.753125 0.703125 0.753125 0.706250 0.756250 0.709375 0.756250 0.712500 0.753125 0.712500 0.750000 0.709375 0.746875 0.715625 0.740625 0.718750 0.743750 0.721875 0.740625 0.721875 0.728125 0.728125 0.721875 0.731250 0.721875 0.734375 0.718750 0.734375 0.715625 0.737500 0.712500
0 0.781250 0.696875 0.781250 0.712500 0.781250 0.709375 0.784375 0.706250 0.784375 0.703125 0.781250 0.700000
0 0.503125 0.690625 0.500000 0.693750 0.503125 0.693750
0 0.787500 0.687500 0.787500 0.690625 0.790625 0.687500
0 0.718750 0.640625 0.721875 0.643750 0.721875 0.640625
0 0.737500 0.631250 0.737500 0.637500 0.740625 0.634375
0 0.390625 0.618750 0.390625 0.621875 0.393750 0.621875 0.393750 0.618750
0 0.356250 0.615625 0.353125 0.618750 0.362500 0.618750 0.359375 0.618750
0 0.690625 0.606250 0.684375 0.612500 0.690625 0.612500
0 0.440625 0.600000 0.437500 0.603125 0.443750 0.609375 0.443750 0.618750 0.446875 0.621875 0.443750 0.625000 0.446875 0.628125 0.475000 0.628125 0.478125 0.625000 0.481250 0.625000 0.484375 0.621875 0.487500 0.621875 0.487500 0.606250 0.484375 0.606250 0.484375 0.621875 0.481250 0.625000 0.478125 0.625000 0.475000 0.621875 0.475000 0.615625 0.471875 0.612500 0.471875 0.609375 0.475000 0.606250 0.471875 0.606250 0.468750 0.609375 0.468750 0.621875 0.465625 0.625000 0.453125 0.625000 0.450000 0.621875 0.450000 0.603125 0.443750 0.603125
0 0.546875 0.571875 0.546875 0.578125 0.543750 0.581250 0.540625 0.578125 0.521875 0.578125 0.518750 0.581250 0.521875 0.584375 0.528125 0.584375 0.531250 0.581250 0.543750 0.581250 0.550000 0.575000 0.550000 0.571875
0 0.737500 0.562500 0.734375 0.565625 0.740625 0.565625 0.740625 0.562500
0 0.703125 0.562500 0.706250 0.565625 0.706250 0.568750 0.706250 0.562500
0 0.384375 0.553125 0.384375 0.556250 0.387500 0.556250 0.387500 0.553125
0 0.450000 0.546875 0.450000 0.553125 0.446875 0.556250 0.456250 0.556250 0.459375 0.559375 0.456250 0.562500 0.440625 0.562500 0.437500 0.559375 0.437500 0.553125 0.437500 0.559375 0.434375 0.562500 0.421875 0.562500 0.412500 0.553125 0.406250 0.553125 0.406250 0.556250 0.409375 0.556250 0.412500 0.559375 0.409375 0.562500 0.384375 0.562500 0.387500 0.565625 0.390625 0.565625 0.393750 0.568750 0.403125 0.568750 0.406250 0.571875 0.415625 0.571875 0.418750 0.568750 0.421875 0.571875 0.421875 0.575000 0.418750 0.578125 0.406250 0.578125 0.409375 0.578125 0.415625 0.584375 0.418750 0.584375 0.418750 0.581250 0.421875 0.578125 0.421875 0.575000 0.425000 0.571875 0.428125 0.571875 0.434375 0.565625 0.437500 0.568750 0.443750 0.562500 0.453125 0.562500 0.456250 0.565625 0.462500 0.565625 0.465625 0.562500 0.468750 0.562500 0.471875 0.565625 0.475000 0.565625 0.481250 0.571875 0.484375 0.568750 0.484375 0.550000 0.481250 0.546875 0.468750 0.546875 0.465625 0.550000 0.462500 0.550000 0.459375 0.546875
0 0.421875 0.546875 0.421875 0.550000 0.425000 0.550000
0 0.346875 0.546875 0.350000 0.546875 0.353125 0.550000 0.356250 0.550000 0.356250 0.546875
0 0.390625 0.540625 0.390625 0.543750 0.393750 0.543750
0 0.475000 0.531250 0.478125 0.534375 0.481250 0.534375 0.481250 0.531250
0 0.737500 0.518750 0.737500 0.521875 0.740625 0.518750
0 0.787500 0.515625 0.787500 0.518750 0.790625 0.518750 0.793750 0.515625 0.796875 0.515625
0 0.540625 0.515625 0.540625 0.518750 0.565625 0.518750 0.568750 0.515625
0 0.465625 0.515625 0.462500 0.518750 0.456250 0.518750 0.462500 0.525000 0.465625 0.521875 0.475000 0.521875 0.478125 0.518750 0.481250 0.518750 0.484375 0.521875 0.490625 0.521875 0.490625 0.518750 0.487500 0.515625 0.475000 0.515625 0.468750 0.521875 0.465625 0.518750
0 0.768750 0.512500 0.765625 0.515625 0.762500 0.515625 0.762500 0.518750 0.778125 0.518750 0.778125 0.515625 0.771875 0.515625
0 0.500000 0.509375 0.500000 0.518750 0.503125 0.518750 0.503125 0.509375
0 0.446875 0.509375 0.446875 0.518750 0.450000 0.521875 0.450000 0.512500
0 0.368750 0.484375 0.368750 0.487500 0.371875 0.487500 0.371875 0.484375
0 0.312500 0.478125 0.312500 0.490625 0.312500 0.487500 0.315625 0.484375 0.312500 0.481250
0 0.296875 0.478125 0.296875 0.481250 0.293750 0.484375 0.275000 0.484375 0.275000 0.493750 0.278125 0.496875 0.275000 0.500000 0.281250 0.500000 0.284375 0.503125 0.287500 0.503125 0.290625 0.506250 0.293750 0.506250 0.296875 0.503125 0.293750 0.500000 0.287500 0.500000 0.284375 0.496875 0.290625 0.490625 0.300000 0.490625 0.300000 0.487500 0.303125 0.484375 0.300000 0.481250 0.300000 0.478125
0 0.443750 0.475000 0.440625 0.478125 0.437500 0.478125 0.437500 0.481250 0.434375 0.484375 0.425000 0.484375 0.418750 0.490625 0.415625 0.490625 0.409375 0.484375 0.406250 0.487500 0.400000 0.487500 0.396875 0.484375 0.393750 0.484375 0.390625 0.481250 0.393750 0.478125 0.390625 0.478125 0.390625 0.481250 0.387500 0.484375 0.381250 0.484375 0.384375 0.487500 0.387500 0.487500 0.390625 0.490625 0.390625 0.496875 0.387500 0.500000 0.381250 0.500000 0.387500 0.500000 0.390625 0.503125 0.393750 0.503125 0.396875 0.500000 0.415625 0.500000 0.418750 0.503125 0.421875 0.500000 0.425000 0.500000 0.431250 0.506250 0.434375 0.506250 0.437500 0.503125 0.437500 0.500000 0.443750 0.493750
0 0.371875 0.471875 0.375000 0.475000 0.375000 0.478125 0.381250 0.478125 0.378125 0.475000 0.375000 0.475000
0 0.328125 0.471875 0.328125 0.481250 0.331250 0.481250 0.331250 0.471875
0 0.468750 0.459375 0.465625 0.462500 0.456250 0.462500 0.453125 0.465625 0.453125 0.475000 0.453125 0.471875 0.456250 0.468750 0.459375 0.468750 0.465625 0.462500 0.468750 0.465625 0.471875 0.465625 0.475000 0.462500 0.481250 0.462500 0.484375 0.465625 0.487500 0.465625 0.490625 0.468750 0.496875 0.468750 0.493750 0.468750 0.490625 0.465625 0.490625 0.462500 0.487500 0.459375
0 0.700000 0.453125 0.703125 0.453125 0.706250 0.456250 0.706250 0.462500 0.709375 0.462500 0.715625 0.468750 0.718750 0.468750 0.721875 0.471875 0.721875 0.478125 0.725000 0.481250 0.725000 0.484375 0.728125 0.487500 0.728125 0.490625 0.725000 0.493750 0.725000 0.496875 0.721875 0.500000 0.718750 0.500000 0.715625 0.496875 0.715625 0.487500 0.715625 0.490625 0.709375 0.496875 0.709375 0.500000 0.703125 0.506250 0.693750 0.506250 0.690625 0.503125 0.690625 0.500000 0.693750 0.496875 0.696875 0.496875 0.700000 0.500000 0.700000 0.496875 0.693750 0.496875 0.690625 0.493750 0.690625 0.490625 0.690625 0.493750 0.684375 0.500000 0.684375 0.503125 0.681250 0.506250 0.675000 0.500000 0.675000 0.503125 0.671875 0.506250 0.668750 0.503125 0.668750 0.500000 0.662500 0.500000 0.659375 0.496875 0.662500 0.493750 0.659375 0.490625 0.659375 0.487500 0.656250 0.490625 0.653125 0.487500 0.653125 0.484375 0.650000 0.487500 0.646875 0.487500 0.643750 0.484375 0.625000 0.484375 0.625000 0.487500 0.631250 0.487500 0.634375 0.490625 0.637500 0.490625 0.640625 0.487500 0.643750 0.487500 0.650000 0.493750 0.653125 0.493750 0.656250 0.496875 0.656250 0.500000 0.662500 0.506250 0.662500 0.509375 0.665625 0.512500 0.665625 0.528125 0.668750 0.528125 0.668750 0.525000 0.671875 0.521875 0.684375 0.521875 0.687500 0.525000 0.687500 0.528125 0.684375 0.531250 0.675000 0.531250 0.681250 0.531250 0.687500 0.537500 0.687500 0.543750 0.684375 0.546875 0.665625 0.546875 0.665625 0.550000 0.690625 0.550000 0.690625 0.546875 0.687500 0.543750 0.687500 0.540625 0.690625 0.537500 0.690625 0.525000 0.696875 0.518750 0.700000 0.518750 0.703125 0.521875 0.709375 0.521875 0.709375 0.512500 0.712500 0.509375 0.715625 0.509375 0.718750 0.512500 0.718750 0.515625 0.721875 0.515625 0.725000 0.518750 0.728125 0.518750 0.731250 0.521875 0.731250 0.528125 0.728125 0.531250 0.721875 0.531250 0.721875 0.534375 0.718750 0.537500 0.721875 0.534375 0.737500 0.534375 0.740625 0.531250 0.756250 0.531250 0.753125 0.528125 0.753125 0.521875 0.756250 0.518750 0.756250 0.515625 0.753125 0.512500 0.753125 0.528125 0.750000 0.531250 0.740625 0.531250 0.737500 0.528125 0.734375 0.528125 0.731250 0.525000 0.731250 0.518750 0.728125 0.515625 0.725000 0.515625 0.721875 0.512500 0.731250 0.503125 0.737500 0.503125 0.737500 0.496875 0.740625 0.493750 0.740625 0.490625 0.743750 0.487500 0.746875 0.487500 0.750000 0.484375 0.753125 0.484375 0.750000 0.481250 0.753125 0.478125 0.756250 0.478125 0.759375 0.475000 0.756250 0.471875 0.756250 0.468750 0.753125 0.468750 0.750000 0.471875 0.750000 0.475000 0.743750 0.481250 0.737500 0.475000 0.734375 0.478125 0.731250 0.475000 0.728125 0.478125 0.721875 0.471875 0.725000 0.468750 0.721875 0.465625 0.718750 0.465625 0.715625 0.462500 0.715625 0.459375 0.712500 0.459375 0.709375 0.456250 0.709375 0.453125
0 0.490625 0.421875 0.490625 0.425000 0.496875 0.425000 0.496875 0.421875
0 0.478125 0.421875 0.478125 0.425000 0.481250 0.425000 0.481250 0.421875
0 0.459375 0.421875 0.462500 0.425000 0.465625 0.425000 0.465625 0.421875
0 0.443750 0.000000 0.440625 0.003125 0.437500 0.003125 0.434375 0.006250 0.431250 0.006250 0.418750 0.018750 0.415625 0.018750 0.403125 0.031250 0.400000 0.031250 0.387500 0.043750 0.384375 0.043750 0.356250 0.071875 0.353125 0.071875 0.350000 0.075000 0.350000 0.078125 0.346875 0.081250 0.343750 0.081250 0.343750 0.084375 0.340625 0.087500 0.337500 0.087500 0.337500 0.090625 0.318750 0.109375 0.318750 0.112500 0.306250 0.125000 0.306250 0.128125 0.300000 0.134375 0.300000 0.137500 0.296875 0.140625 0.296875 0.143750 0.290625 0.150000 0.290625 0.153125 0.287500 0.156250 0.287500 0.159375 0.284375 0.162500 0.284375 0.168750 0.281250 0.171875 0.281250 0.178125 0.271875 0.187500 0.271875 0.190625 0.268750 0.193750 0.268750 0.200000 0.265625 0.203125 0.265625 0.206250 0.262500 0.209375 0.262500 0.212500 0.259375 0.215625 0.259375 0.221875 0.256250 0.225000 0.256250 0.231250 0.253125 0.234375 0.253125 0.240625 0.250000 0.243750 0.250000 0.253125 0.246875 0.256250 0.246875 0.312500 0.250000 0.315625 0.250000 0.321875 0.253125 0.325000 0.253125 0.328125 0.256250 0.331250 0.256250 0.334375 0.259375 0.337500 0.259375 0.340625 0.271875 0.353125 0.271875 0.356250 0.290625 0.375000 0.293750 0.375000 0.300000 0.381250 0.303125 0.381250 0.312500 0.390625 0.318750 0.390625 0.321875 0.393750 0.325000 0.393750 0.328125 0.396875 0.331250 0.396875 0.334375 0.400000 0.337500 0.400000 0.343750 0.406250 0.350000 0.406250 0.353125 0.409375 0.365625 0.409375 0.368750 0.412500 0.381250 0.412500 0.384375 0.415625 0.406250 0.415625 0.409375 0.418750 0.406250 0.421875 0.393750 0.421875 0.406250 0.421875 0.409375 0.425000 0.412500 0.421875 0.440625 0.421875 0.443750 0.425000 0.450000 0.425000 0.450000 0.421875 0.446875 0.418750 0.450000 0.415625 0.493750 0.415625 0.496875 0.412500 0.509375 0.412500 0.512500 0.409375 0.525000 0.409375 0.528125 0.406250 0.531250 0.409375 0.534375 0.406250 0.540625 0.406250 0.537500 0.406250 0.534375 0.403125 0.537500 0.400000 0.556250 0.400000 0.559375 0.396875 0.562500 0.400000 0.565625 0.396875 0.581250 0.396875 0.584375 0.393750 0.596875 0.393750 0.600000 0.390625 0.600000 0.387500 0.603125 0.384375 0.615625 0.384375 0.618750 0.381250 0.621875 0.381250 0.625000 0.378125 0.631250 0.378125 0.640625 0.368750 0.643750 0.368750 0.646875 0.365625 0.650000 0.365625 0.653125 0.362500 0.656250 0.362500 0.668750 0.350000 0.671875 0.350000 0.675000 0.346875 0.678125 0.346875 0.687500 0.337500 0.690625 0.337500 0.690625 0.334375 0.693750 0.331250 0.693750 0.328125 0.696875 0.325000 0.696875 0.321875 0.700000 0.318750 0.700000 0.315625 0.712500 0.303125 0.715625 0.303125 0.734375 0.284375 0.737500 0.284375 0.737500 0.281250 0.746875 0.271875 0.750000 0.271875 0.753125 0.268750 0.753125 0.265625 0.756250 0.262500 0.756250 0.259375 0.768750 0.246875 0.768750 0.243750 0.784375 0.228125 0.784375 0.225000 0.790625 0.218750 0.790625 0.215625 0.796875 0.209375 0.800000 0.209375 0.800000 0.206250 0.803125 0.203125 0.803125 0.200000 0.809375 0.193750 0.809375 0.190625 0.815625 0.184375 0.815625 0.181250 0.818750 0.178125 0.818750 0.175000 0.821875 0.171875 0.821875 0.168750 0.831250 0.159375 0.831250 0.153125 0.834375 0.150000 0.834375 0.146875 0.837500 0.143750 0.837500 0.137500 0.840625 0.134375 0.840625 0.131250 0.843750 0.128125 0.843750 0.121875 0.846875 0.118750 0.846875 0.106250 0.850000 0.103125 0.850000 0.084375 0.853125 0.081250 0.850000 0.078125 0.853125 0.075000 0.853125 0.034375 0.850000 0.031250 0.850000 0.018750 0.846875 0.015625 0.846875 0.006250 0.843750 0.003125 0.843750 0.000000 0.453125 0.000000 0.450000 0.003125 0.446875 0.000000