0 0.409375 0.984375 0.409375 0.987500 0.406250 0.990625 0.403125 0.987500 0.400000 0.987500 0.396875 0.990625 0.396875 0.993750 0.409375 0.993750 0.412500 0.996875 0.418750 0.996875 0.412500 0.990625 0.412500 0.984375
0 0.340625 0.875000 0.337500 0.878125 0.340625 0.881250 0.340625 0.884375 0.337500 0.887500 0.340625 0.887500
0 0.259375 0.850000 0.259375 0.853125 0.262500 0.856250 0.262500 0.850000
0 0.303125 0.843750 0.306250 0.846875 0.306250 0.850000 0.309375 0.853125 0.309375 0.856250 0.309375 0.850000 0.312500 0.846875 0.315625 0.850000 0.315625 0.853125 0.321875 0.859375 0.318750 0.856250 0.318750 0.850000 0.321875 0.846875 0.321875 0.843750 0.315625 0.843750 0.312500 0.846875 0.309375 0.843750
0 0.300000 0.828125 0.303125 0.831250 0.303125 0.834375 0.306250 0.837500 0.309375 0.837500 0.309375 0.834375 0.312500 0.831250 0.315625 0.834375 0.315625 0.837500 0.318750 0.837500 0.321875 0.834375 0.321875 0.828125 0.315625 0.828125 0.312500 0.831250 0.309375 0.828125
0 0.303125 0.812500 0.303125 0.815625 0.309375 0.821875 0.309375 0.812500
0 0.087500 0.662500 0.087500 0.665625 0.090625 0.668750 0.090625 0.662500
0 0.112500 0.656250 0.112500 0.659375 0.115625 0.659375 0.121875 0.665625 0.121875 0.662500 0.115625 0.656250
0 0.053125 0.615625 0.053125 0.618750 0.056250 0.621875 0.059375 0.621875 0.059375 0.615625 0.056250 0.618750
0 0.228125 0.609375 0.228125 0.612500 0.231250 0.609375
0 0.037500 0.593750 0.034375 0.596875 0.037500 0.600000 0.040625 0.596875 0.043750 0.600000 0.043750 0.603125 0.043750 0.593750
0 0.231250 0.465625 0.228125 0.468750 0.231250 0.468750
0 0.968750 0.425000 0.971875 0.428125 0.971875 0.431250 0.971875 0.425000
0 0.309375 0.406250 0.306250 0.409375 0.303125 0.409375 0.300000 0.412500 0.303125 0.415625 0.300000 0.418750 0.290625 0.418750 0.290625 0.428125 0.293750 0.431250 0.293750 0.437500 0.293750 0.421875 0.296875 0.418750 0.303125 0.418750 0.303125 0.415625 0.306250 0.412500 0.309375 0.412500
0 0.293750 0.375000 0.290625 0.378125 0.290625 0.390625 0.287500 0.393750 0.287500 0.396875 0.293750 0.396875
0 0.834375 0.321875 0.834375 0.325000 0.837500 0.325000
0 0.784375 0.318750 0.781250 0.321875 0.781250 0.325000 0.787500 0.325000 0.787500 0.318750
0 0.812500 0.315625 0.812500 0.325000 0.815625 0.328125 0.812500 0.331250 0.812500 0.334375 0.815625 0.337500 0.815625 0.340625 0.825000 0.340625 0.828125 0.343750 0.828125 0.356250 0.825000 0.359375 0.821875 0.359375 0.818750 0.356250 0.818750 0.353125 0.815625 0.350000 0.815625 0.346875 0.815625 0.356250 0.818750 0.359375 0.815625 0.362500 0.800000 0.362500 0.796875 0.359375 0.796875 0.384375 0.793750 0.387500 0.796875 0.390625 0.796875 0.400000 0.793750 0.403125 0.790625 0.403125 0.787500 0.400000 0.787500 0.396875 0.784375 0.393750 0.787500 0.390625 0.787500 0.381250 0.784375 0.378125 0.787500 0.375000 0.781250 0.375000 0.784375 0.378125 0.784375 0.381250 0.781250 0.384375 0.784375 0.387500 0.781250 0.390625 0.784375 0.393750 0.781250 0.396875 0.781250 0.403125 0.784375 0.406250 0.781250 0.409375 0.781250 0.412500 0.778125 0.415625 0.775000 0.415625 0.771875 0.412500 0.771875 0.396875 0.768750 0.393750 0.768750 0.390625 0.768750 0.393750 0.765625 0.396875 0.765625 0.400000 0.768750 0.403125 0.765625 0.406250 0.759375 0.406250 0.756250 0.403125 0.759375 0.400000 0.756250 0.396875 0.750000 0.396875 0.750000 0.400000 0.756250 0.406250 0.756250 0.409375 0.759375 0.412500 0.762500 0.412500 0.768750 0.418750 0.765625 0.421875 0.765625 0.425000 0.768750 0.428125 0.768750 0.431250 0.778125 0.431250 0.781250 0.434375 0.781250 0.443750 0.787500 0.450000 0.787500 0.453125 0.790625 0.456250 0.790625 0.459375 0.793750 0.462500 0.806250 0.462500 0.809375 0.459375 0.812500 0.462500 0.818750 0.462500 0.821875 0.465625 0.821875 0.478125 0.825000 0.481250 0.821875 0.484375 0.825000 0.487500 0.825000 0.490625 0.821875 0.493750 0.825000 0.496875 0.825000 0.515625 0.818750 0.521875 0.815625 0.521875 0.815625 0.525000 0.812500 0.528125 0.812500 0.531250 0.815625 0.534375 0.815625 0.546875 0.818750 0.550000 0.815625 0.553125 0.815625 0.556250 0.818750 0.559375 0.815625 0.562500 0.818750 0.565625 0.818750 0.568750 0.815625 0.571875 0.818750 0.575000 0.815625 0.578125 0.818750 0.581250 0.815625 0.584375 0.815625 0.609375 0.831250 0.625000 0.821875 0.634375 0.818750 0.634375 0.818750 0.637500 0.815625 0.640625 0.815625 0.675000 0.812500 0.678125 0.812500 0.684375 0.809375 0.687500 0.806250 0.687500 0.809375 0.687500 0.812500 0.690625 0.809375 0.693750 0.806250 0.693750 0.803125 0.696875 0.803125 0.700000 0.800000 0.703125 0.800000 0.712500 0.796875 0.715625 0.796875 0.728125 0.790625 0.734375 0.790625 0.737500 0.784375 0.743750 0.784375 0.753125 0.781250 0.756250 0.781250 0.762500 0.771875 0.771875 0.768750 0.771875 0.768750 0.781250 0.765625 0.784375 0.765625 0.793750 0.762500 0.796875 0.759375 0.796875 0.753125 0.803125 0.753125 0.815625 0.750000 0.818750 0.750000 0.825000 0.746875 0.828125 0.746875 0.834375 0.743750 0.837500 0.740625 0.837500 0.737500 0.840625 0.737500 0.843750 0.734375 0.846875 0.734375 0.878125 0.731250 0.881250 0.728125 0.881250 0.725000 0.878125 0.725000 0.840625 0.728125 0.837500 0.731250 0.837500 0.737500 0.831250 0.737500 0.821875 0.740625 0.818750 0.740625 0.815625 0.743750 0.812500 0.740625 0.809375 0.746875 0.803125 0.746875 0.796875 0.753125 0.790625 0.753125 0.787500 0.756250 0.784375 0.756250 0.778125 0.762500 0.771875 0.762500 0.768750 0.768750 0.762500 0.768750 0.759375 0.771875 0.756250 0.771875 0.753125 0.775000 0.750000 0.775000 0.746875 0.778125 0.743750 0.778125 0.737500 0.784375 0.731250 0.784375 0.725000 0.787500 0.721875 0.787500 0.712500 0.790625 0.709375 0.790625 0.700000 0.793750 0.696875 0.793750 0.684375 0.796875 0.681250 0.796875 0.678125 0.800000 0.675000 0.800000 0.662500 0.803125 0.659375 0.803125 0.640625 0.806250 0.637500 0.806250 0.531250 0.803125 0.528125 0.803125 0.521875 0.806250 0.518750 0.803125 0.515625 0.803125 0.512500 0.800000 0.509375 0.800000 0.500000 0.796875 0.500000 0.793750 0.496875 0.793750 0.490625 0.790625 0.487500 0.793750 0.484375 0.793750 0.475000 0.787500 0.468750 0.784375 0.468750 0.781250 0.465625 0.781250 0.462500 0.775000 0.456250 0.775000 0.453125 0.771875 0.450000 0.771875 0.446875 0.768750 0.443750 0.768750 0.440625 0.765625 0.440625 0.759375 0.434375 0.759375 0.431250 0.734375 0.406250 0.731250 0.406250 0.718750 0.393750 0.715625 0.393750 0.712500 0.390625 0.709375 0.390625 0.700000 0.381250 0.696875 0.381250 0.693750 0.378125 0.690625 0.378125 0.687500 0.375000 0.684375 0.375000 0.681250 0.371875 0.678125 0.371875 0.675000 0.368750 0.671875 0.368750 0.668750 0.365625 0.665625 0.365625 0.659375 0.359375 0.650000 0.359375 0.646875 0.356250 0.640625 0.356250 0.637500 0.353125 0.634375 0.353125 0.631250 0.350000 0.625000 0.350000 0.621875 0.346875 0.606250 0.346875 0.603125 0.343750 0.590625 0.343750 0.587500 0.340625 0.565625 0.340625 0.562500 0.337500 0.518750 0.337500 0.515625 0.340625 0.512500 0.337500 0.490625 0.337500 0.487500 0.340625 0.468750 0.340625 0.465625 0.343750 0.456250 0.343750 0.453125 0.346875 0.437500 0.346875 0.434375 0.350000 0.428125 0.350000 0.425000 0.353125 0.421875 0.353125 0.418750 0.356250 0.412500 0.356250 0.409375 0.359375 0.403125 0.359375 0.400000 0.362500 0.396875 0.362500 0.393750 0.365625 0.393750 0.368750 0.387500 0.375000 0.381250 0.375000 0.378125 0.371875 0.371875 0.378125 0.368750 0.378125 0.365625 0.381250 0.362500 0.381250 0.359375 0.384375 0.356250 0.381250 0.356250 0.378125 0.353125 0.381250 0.350000 0.381250 0.350000 0.390625 0.343750 0.396875 0.334375 0.396875 0.331250 0.393750 0.331250 0.396875 0.334375 0.400000 0.334375 0.403125 0.328125 0.409375 0.325000 0.409375 0.318750 0.415625 0.318750 0.418750 0.312500 0.425000 0.309375 0.425000 0.306250 0.428125 0.306250 0.431250 0.303125 0.434375 0.303125 0.437500 0.300000 0.440625 0.300000 0.443750 0.296875 0.446875 0.293750 0.446875 0.293750 0.450000 0.287500 0.456250 0.287500 0.459375 0.284375 0.462500 0.284375 0.471875 0.281250 0.475000 0.281250 0.478125 0.278125 0.481250 0.278125 0.484375 0.275000 0.487500 0.275000 0.490625 0.271875 0.493750 0.271875 0.506250 0.268750 0.509375 0.268750 0.515625 0.265625 0.518750 0.265625 0.521875 0.262500 0.525000 0.262500 0.534375 0.256250 0.540625 0.256250 0.543750 0.253125 0.546875 0.253125 0.559375 0.256250 0.562500 0.253125 0.565625 0.253125 0.568750 0.256250 0.571875 0.256250 0.606250 0.259375 0.609375 0.259375 0.621875 0.262500 0.625000 0.262500 0.637500 0.259375 0.640625 0.256250 0.640625 0.253125 0.643750 0.250000 0.643750 0.246875 0.640625 0.246875 0.593750 0.243750 0.590625 0.243750 0.584375 0.246875 0.581250 0.246875 0.546875 0.246875 0.562500 0.243750 0.565625 0.243750 0.575000 0.246875 0.578125 0.246875 0.581250 0.240625 0.587500 0.240625 0.631250 0.243750 0.634375 0.243750 0.653125 0.246875 0.656250 0.246875 0.659375 0.246875 0.653125 0.250000 0.650000 0.256250 0.656250 0.256250 0.659375 0.253125 0.662500 0.253125 0.681250 0.259375 0.687500 0.259375 0.696875 0.265625 0.703125 0.265625 0.706250 0.268750 0.709375 0.268750 0.712500 0.275000 0.718750 0.275000 0.721875 0.278125 0.725000 0.278125 0.728125 0.281250 0.728125 0.284375 0.731250 0.284375 0.737500 0.290625 0.743750 0.290625 0.746875 0.293750 0.750000 0.296875 0.750000 0.300000 0.753125 0.300000 0.756250 0.309375 0.765625 0.309375 0.768750 0.309375 0.756250 0.312500 0.753125 0.321875 0.753125 0.325000 0.756250 0.325000 0.768750 0.321875 0.771875 0.318750 0.771875 0.325000 0.778125 0.321875 0.781250 0.325000 0.784375 0.325000 0.781250 0.328125 0.778125 0.331250 0.781250 0.331250 0.790625 0.340625 0.790625 0.340625 0.781250 0.343750 0.778125 0.346875 0.778125 0.350000 0.775000 0.362500 0.775000 0.353125 0.765625 0.350000 0.765625 0.346875 0.768750 0.343750 0.768750 0.340625 0.765625 0.340625 0.759375 0.334375 0.753125 0.331250 0.753125 0.328125 0.756250 0.325000 0.753125 0.325000 0.750000 0.321875 0.746875 0.321875 0.743750 0.318750 0.740625 0.315625 0.740625 0.312500 0.743750 0.309375 0.740625 0.309375 0.734375 0.306250 0.734375 0.303125 0.731250 0.306250 0.728125 0.303125 0.728125 0.300000 0.731250 0.296875 0.731250 0.293750 0.728125 0.293750 0.725000 0.290625 0.721875 0.290625 0.709375 0.284375 0.709375 0.287500 0.712500 0.284375 0.715625 0.281250 0.715625 0.278125 0.712500 0.278125 0.700000 0.275000 0.696875 0.275000 0.693750 0.278125 0.690625 0.268750 0.681250 0.268750 0.678125 0.265625 0.681250 0.262500 0.678125 0.262500 0.646875 0.265625 0.643750 0.268750 0.646875 0.268750 0.659375 0.271875 0.662500 0.271875 0.668750 0.275000 0.671875 0.275000 0.678125 0.278125 0.681250 0.281250 0.681250 0.284375 0.684375 0.284375 0.687500 0.287500 0.690625 0.287500 0.693750 0.293750 0.700000 0.293750 0.703125 0.334375 0.743750 0.337500 0.743750 0.343750 0.750000 0.343750 0.753125 0.346875 0.753125 0.353125 0.759375 0.356250 0.759375 0.359375 0.762500 0.365625 0.762500 0.368750 0.765625 0.368750 0.768750 0.371875 0.768750 0.375000 0.771875 0.378125 0.771875 0.381250 0.775000 0.387500 0.775000 0.393750 0.781250 0.390625 0.784375 0.384375 0.784375 0.381250 0.781250 0.356250 0.781250 0.350000 0.787500 0.350000 0.800000 0.346875 0.803125 0.331250 0.803125 0.331250 0.806250 0.334375 0.806250 0.337500 0.809375 0.337500 0.812500 0.334375 0.815625 0.334375 0.818750 0.331250 0.821875 0.331250 0.843750 0.340625 0.853125 0.340625 0.862500 0.343750 0.862500 0.346875 0.865625 0.350000 0.865625 0.353125 0.868750 0.359375 0.868750 0.362500 0.871875 0.368750 0.871875 0.371875 0.868750 0.375000 0.868750 0.378125 0.871875 0.381250 0.871875 0.384375 0.875000 0.381250 0.878125 0.378125 0.878125 0.378125 0.887500 0.384375 0.887500 0.387500 0.890625 0.387500 0.903125 0.384375 0.906250 0.381250 0.906250 0.378125 0.903125 0.375000 0.903125 0.371875 0.900000 0.371875 0.890625 0.368750 0.893750 0.365625 0.893750 0.362500 0.890625 0.362500 0.900000 0.356250 0.906250 0.350000 0.906250 0.346875 0.903125 0.346875 0.896875 0.346875 0.900000 0.343750 0.903125 0.340625 0.900000 0.337500 0.903125 0.331250 0.903125 0.328125 0.906250 0.325000 0.903125 0.321875 0.906250 0.318750 0.903125 0.312500 0.903125 0.309375 0.900000 0.309375 0.896875 0.309375 0.906250 0.315625 0.912500 0.315625 0.915625 0.318750 0.915625 0.321875 0.918750 0.321875 0.921875 0.350000 0.950000 0.350000 0.953125 0.353125 0.953125 0.356250 0.956250 0.356250 0.959375 0.359375 0.959375 0.365625 0.965625 0.365625 0.968750 0.368750 0.968750 0.371875 0.971875 0.375000 0.971875 0.378125 0.975000 0.378125 0.978125 0.384375 0.978125 0.387500 0.981250 0.387500 0.984375 0.387500 0.978125 0.390625 0.975000 0.393750 0.978125 0.396875 0.978125 0.400000 0.975000 0.412500 0.975000 0.415625 0.971875 0.421875 0.971875 0.425000 0.975000 0.425000 0.978125 0.425000 0.975000 0.431250 0.968750 0.434375 0.968750 0.437500 0.971875 0.437500 0.978125 0.453125 0.978125 0.456250 0.981250 0.450000 0.987500 0.437500 0.987500 0.434375 0.990625 0.428125 0.990625 0.425000 0.993750 0.425000 0.996875 0.506250 0.996875 0.500000 0.996875 0.487500 0.984375 0.462500 0.984375 0.459375 0.981250 0.462500 0.978125 0.503125 0.978125 0.506250 0.981250 0.503125 0.984375 0.512500 0.975000 0.534375 0.975000 0.537500 0.978125 0.546875 0.978125 0.550000 0.981250 0.546875 0.984375 0.553125 0.984375 0.556250 0.987500 0.550000 0.993750 0.537500 0.993750 0.531250 0.987500 0.521875 0.987500 0.518750 0.984375 0.515625 0.987500 0.521875 0.993750 0.521875 0.996875 0.968750 0.996875 0.971875 0.993750 0.971875 0.987500 0.975000 0.984375 0.978125 0.984375 0.975000 0.981250 0.978125 0.978125 0.987500 0.978125 0.993750 0.971875 0.996875 0.971875 0.996875 0.968750 0.993750 0.965625 0.996875 0.962500 0.996875 0.900000 0.993750 0.896875 0.993750 0.887500 0.996875 0.884375 0.996875 0.521875 0.993750 0.521875 0.990625 0.518750 0.993750 0.515625 0.996875 0.515625 0.996875 0.503125 0.993750 0.500000 0.996875 0.496875 0.996875 0.462500 0.990625 0.456250 0.987500 0.456250 0.984375 0.453125 0.984375 0.450000 0.971875 0.437500 0.965625 0.437500 0.962500 0.434375 0.962500 0.431250 0.953125 0.421875 0.953125 0.425000 0.950000 0.428125 0.946875 0.425000 0.946875 0.421875 0.943750 0.418750 0.943750 0.412500 0.940625 0.409375 0.937500 0.409375 0.928125 0.400000 0.928125 0.396875 0.925000 0.393750 0.918750 0.393750 0.915625 0.390625 0.915625 0.384375 0.912500 0.381250 0.909375 0.381250 0.906250 0.378125 0.903125 0.378125 0.900000 0.375000 0.903125 0.371875 0.906250 0.371875 0.903125 0.371875 0.900000 0.368750 0.900000 0.365625 0.896875 0.362500 0.893750 0.362500 0.890625 0.359375 0.890625 0.356250 0.887500 0.359375 0.884375 0.356250 0.884375 0.350000 0.881250 0.346875 0.878125 0.346875 0.875000 0.343750 0.878125 0.340625 0.881250 0.340625 0.878125 0.340625 0.875000 0.337500 0.875000 0.331250 0.875000 0.334375 0.871875 0.337500 0.865625 0.331250 0.862500 0.331250 0.859375 0.328125 0.862500 0.325000 0.865625 0.325000 0.862500 0.325000 0.859375 0.321875 0.859375 0.315625 0.859375 0.318750 0.856250 0.321875 0.853125 0.318750 0.843750 0.318750 0.843750 0.325000 0.850000 0.325000 0.853125 0.328125 0.846875 0.334375 0.843750 0.334375 0.843750 0.371875 0.846875 0.375000 0.843750 0.378125 0.843750 0.381250 0.846875 0.384375 0.846875 0.387500 0.843750 0.390625 0.843750 0.400000 0.846875 0.403125 0.843750 0.406250 0.843750 0.409375 0.840625 0.412500 0.837500 0.412500 0.834375 0.409375 0.834375 0.406250 0.831250 0.403125 0.831250 0.393750 0.834375 0.390625 0.834375 0.384375 0.831250 0.381250 0.831250 0.378125 0.828125 0.381250 0.825000 0.378125 0.821875 0.378125 0.818750 0.375000 0.818750 0.371875 0.815625 0.368750 0.818750 0.365625 0.821875 0.365625 0.825000 0.362500 0.828125 0.365625 0.828125 0.371875 0.834375 0.371875 0.834375 0.365625 0.831250 0.362500 0.837500 0.356250 0.837500 0.350000 0.831250 0.343750 0.834375 0.340625 0.834375 0.337500 0.831250 0.334375 0.831250 0.331250 0.828125 0.331250 0.828125 0.337500 0.825000 0.340625 0.821875 0.337500 0.821875 0.334375 0.815625 0.328125 0.818750 0.325000 0.818750 0.321875 0.815625 0.318750 0.815625 0.315625
0 0.787500 0.309375 0.787500 0.312500 0.790625 0.309375
0 0.834375 0.306250 0.831250 0.309375 0.828125 0.309375 0.837500 0.309375 0.837500 0.306250
0 0.800000 0.306250 0.800000 0.309375 0.803125 0.309375
0 0.675000 0.306250 0.671875 0.309375 0.678125 0.309375
0 0.843750 0.303125 0.843750 0.309375 0.850000 0.309375 0.846875 0.309375 0.843750 0.306250
0 0.687500 0.300000 0.687500 0.303125 0.693750 0.303125 0.696875 0.300000
0 0.781250 0.293750 0.784375 0.296875 0.781250 0.300000 0.784375 0.300000 0.787500 0.303125 0.787500 0.300000 0.784375 0.296875 0.784375 0.293750
0 0.712500 0.287500 0.706250 0.293750 0.703125 0.293750 0.718750 0.293750 0.715625 0.290625 0.715625 0.287500
0 0.728125 0.268750 0.728125 0.271875 0.731250 0.275000 0.728125 0.278125 0.721875 0.278125 0.721875 0.284375 0.721875 0.281250 0.725000 0.278125 0.728125 0.278125 0.731250 0.275000 0.731250 0.268750
0 0.531250 0.178125 0.528125 0.181250 0.525000 0.181250 0.521875 0.184375 0.518750 0.184375 0.537500 0.184375 0.537500 0.181250 0.534375 0.178125
0 0.681250 0.021875 0.681250 0.028125 0.684375 0.028125 0.681250 0.025000