0 0.993750 0.993750 0.996875 0.996875 0.996875 0.993750
0 0.971875 0.975000 0.971875 0.978125 0.978125 0.978125 0.975000 0.978125
0 0.971875 0.953125 0.971875 0.962500 0.975000 0.962500 0.975000 0.959375 0.971875 0.956250
0 0.306250 0.828125 0.306250 0.831250 0.309375 0.831250 0.309375 0.828125
0 0.331250 0.753125 0.328125 0.756250 0.325000 0.756250 0.321875 0.759375 0.321875 0.762500 0.318750 0.765625 0.315625 0.765625 0.318750 0.768750 0.318750 0.771875 0.325000 0.778125 0.321875 0.781250 0.321875 0.784375 0.325000 0.787500 0.325000 0.762500 0.328125 0.759375 0.331250 0.759375 0.334375 0.762500 0.334375 0.775000 0.337500 0.778125 0.334375 0.781250 0.334375 0.784375 0.331250 0.787500 0.331250 0.790625 0.334375 0.790625 0.337500 0.793750 0.340625 0.790625 0.340625 0.775000 0.343750 0.771875 0.353125 0.771875 0.356250 0.775000 0.356250 0.778125 0.359375 0.775000 0.362500 0.775000 0.362500 0.771875 0.359375 0.775000 0.356250 0.771875 0.356250 0.768750 0.353125 0.765625 0.350000 0.765625 0.346875 0.768750 0.343750 0.768750 0.340625 0.765625 0.340625 0.756250 0.337500 0.756250 0.334375 0.753125
0 0.303125 0.743750 0.306250 0.746875 0.303125 0.750000 0.300000 0.750000 0.300000 0.756250 0.303125 0.759375 0.306250 0.759375 0.309375 0.762500 0.309375 0.768750 0.309375 0.743750
0 0.318750 0.740625 0.318750 0.743750 0.321875 0.743750 0.321875 0.740625
0 0.284375 0.725000 0.284375 0.728125 0.287500 0.731250 0.284375 0.734375 0.284375 0.737500 0.290625 0.743750 0.290625 0.746875 0.293750 0.750000 0.293750 0.728125 0.290625 0.731250
0 0.290625 0.709375 0.287500 0.712500 0.290625 0.712500
0 0.268750 0.703125 0.268750 0.712500 0.275000 0.718750 0.275000 0.721875 0.278125 0.725000 0.278125 0.728125 0.278125 0.709375 0.275000 0.709375 0.271875 0.706250 0.271875 0.703125
0 0.243750 0.584375 0.240625 0.587500 0.240625 0.631250 0.243750 0.634375 0.243750 0.653125 0.246875 0.656250 0.246875 0.662500 0.246875 0.631250 0.243750 0.628125 0.246875 0.625000 0.243750 0.621875 0.243750 0.596875 0.246875 0.593750 0.243750 0.590625
0 0.225000 0.578125 0.225000 0.596875 0.228125 0.600000 0.228125 0.628125 0.231250 0.625000 0.228125 0.621875 0.228125 0.612500 0.231250 0.609375 0.231250 0.600000 0.228125 0.596875 0.231250 0.593750 0.228125 0.593750 0.225000 0.590625 0.225000 0.584375 0.228125 0.581250 0.228125 0.578125
0 0.246875 0.546875 0.246875 0.562500 0.243750 0.565625 0.243750 0.568750 0.246875 0.568750
0 0.812500 0.487500 0.812500 0.490625 0.809375 0.493750 0.812500 0.496875 0.812500 0.490625 0.815625 0.487500
0 0.968750 0.425000 0.971875 0.428125 0.971875 0.431250 0.975000 0.428125 0.971875 0.425000
0 0.309375 0.406250 0.306250 0.409375 0.300000 0.409375 0.300000 0.412500 0.303125 0.415625 0.306250 0.412500 0.309375 0.412500
0 0.728125 0.381250 0.725000 0.384375 0.728125 0.384375
0 0.737500 0.375000 0.737500 0.384375 0.740625 0.384375 0.737500 0.381250 0.737500 0.378125 0.740625 0.375000
0 0.293750 0.371875 0.293750 0.375000 0.290625 0.378125 0.290625 0.387500 0.287500 0.390625 0.287500 0.396875 0.290625 0.400000 0.293750 0.396875
0 0.737500 0.365625 0.737500 0.368750 0.740625 0.368750
0 0.721875 0.365625 0.721875 0.368750 0.728125 0.368750 0.725000 0.368750
0 0.309375 0.356250 0.309375 0.359375 0.306250 0.362500 0.306250 0.371875 0.309375 0.368750
0 0.784375 0.334375 0.781250 0.337500 0.784375 0.340625 0.787500 0.337500 0.787500 0.334375
0 0.703125 0.334375 0.703125 0.337500 0.709375 0.337500 0.709375 0.334375
0 0.690625 0.334375 0.687500 0.337500 0.693750 0.337500 0.693750 0.334375
0 0.675000 0.334375 0.671875 0.337500 0.678125 0.337500
0 0.659375 0.334375 0.656250 0.337500 0.659375 0.337500
0 0.612500 0.334375 0.612500 0.337500 0.615625 0.337500 0.615625 0.334375
0 0.875000 0.331250 0.875000 0.340625 0.881250 0.340625 0.878125 0.340625 0.875000 0.337500
0 0.425000 0.331250 0.421875 0.334375 0.428125 0.334375 0.428125 0.331250
0 0.618750 0.325000 0.621875 0.325000 0.625000 0.328125 0.621875 0.325000
0 0.750000 0.321875 0.753125 0.325000 0.756250 0.321875
0 0.831250 0.318750 0.828125 0.321875 0.828125 0.325000 0.837500 0.325000 0.837500 0.318750
0 0.781250 0.318750 0.781250 0.325000 0.784375 0.325000 0.787500 0.328125 0.790625 0.325000 0.790625 0.318750
0 0.765625 0.318750 0.765625 0.325000 0.771875 0.325000 0.771875 0.318750
0 0.737500 0.318750 0.734375 0.321875 0.737500 0.325000 0.740625 0.325000 0.740625 0.321875
0 0.721875 0.318750 0.718750 0.321875 0.721875 0.325000 0.725000 0.321875
0 0.687500 0.318750 0.687500 0.321875 0.690625 0.325000 0.693750 0.321875 0.690625 0.318750
0 0.493750 0.318750 0.490625 0.321875 0.493750 0.325000 0.496875 0.321875 0.496875 0.318750
0 0.800000 0.315625 0.796875 0.318750 0.796875 0.325000 0.800000 0.328125 0.796875 0.331250 0.796875 0.340625 0.800000 0.343750 0.800000 0.346875 0.796875 0.350000 0.796875 0.387500 0.793750 0.390625 0.790625 0.390625 0.787500 0.387500 0.787500 0.375000 0.784375 0.371875 0.784375 0.365625 0.784375 0.378125 0.781250 0.381250 0.781250 0.384375 0.784375 0.387500 0.781250 0.390625 0.781250 0.396875 0.778125 0.400000 0.775000 0.400000 0.771875 0.396875 0.771875 0.384375 0.768750 0.381250 0.765625 0.384375 0.765625 0.396875 0.762500 0.400000 0.759375 0.400000 0.756250 0.396875 0.756250 0.393750 0.759375 0.390625 0.756250 0.390625 0.753125 0.387500 0.756250 0.384375 0.753125 0.381250 0.750000 0.384375 0.750000 0.387500 0.746875 0.390625 0.737500 0.390625 0.740625 0.393750 0.737500 0.396875 0.737500 0.400000 0.746875 0.400000 0.750000 0.403125 0.750000 0.406250 0.753125 0.409375 0.753125 0.412500 0.756250 0.415625 0.762500 0.415625 0.765625 0.418750 0.765625 0.428125 0.771875 0.434375 0.775000 0.431250 0.778125 0.431250 0.781250 0.434375 0.781250 0.443750 0.787500 0.450000 0.787500 0.456250 0.790625 0.459375 0.790625 0.462500 0.800000 0.462500 0.803125 0.459375 0.815625 0.459375 0.821875 0.465625 0.821875 0.468750 0.825000 0.471875 0.825000 0.484375 0.828125 0.487500 0.825000 0.490625 0.825000 0.493750 0.828125 0.496875 0.828125 0.503125 0.825000 0.506250 0.825000 0.515625 0.818750 0.521875 0.815625 0.521875 0.815625 0.525000 0.812500 0.528125 0.812500 0.531250 0.815625 0.534375 0.815625 0.590625 0.812500 0.593750 0.815625 0.596875 0.812500 0.600000 0.812500 0.603125 0.815625 0.606250 0.815625 0.609375 0.821875 0.615625 0.818750 0.618750 0.815625 0.618750 0.812500 0.621875 0.815625 0.625000 0.815625 0.637500 0.812500 0.640625 0.812500 0.643750 0.815625 0.646875 0.815625 0.659375 0.812500 0.662500 0.812500 0.668750 0.809375 0.671875 0.809375 0.681250 0.803125 0.687500 0.806250 0.687500 0.809375 0.690625 0.803125 0.696875 0.803125 0.700000 0.800000 0.703125 0.800000 0.709375 0.796875 0.712500 0.796875 0.721875 0.793750 0.725000 0.793750 0.728125 0.787500 0.734375 0.787500 0.740625 0.784375 0.743750 0.784375 0.750000 0.781250 0.753125 0.781250 0.756250 0.778125 0.759375 0.778125 0.762500 0.775000 0.765625 0.771875 0.765625 0.771875 0.768750 0.768750 0.771875 0.768750 0.781250 0.765625 0.784375 0.765625 0.790625 0.759375 0.796875 0.759375 0.800000 0.756250 0.803125 0.753125 0.803125 0.753125 0.812500 0.750000 0.815625 0.750000 0.825000 0.746875 0.828125 0.750000 0.831250 0.746875 0.834375 0.743750 0.834375 0.737500 0.840625 0.737500 0.843750 0.734375 0.846875 0.734375 0.875000 0.731250 0.878125 0.728125 0.875000 0.725000 0.875000 0.721875 0.871875 0.721875 0.868750 0.725000 0.865625 0.725000 0.840625 0.731250 0.834375 0.734375 0.834375 0.737500 0.831250 0.737500 0.821875 0.740625 0.818750 0.740625 0.806250 0.743750 0.803125 0.743750 0.796875 0.753125 0.787500 0.753125 0.784375 0.756250 0.781250 0.756250 0.775000 0.762500 0.768750 0.762500 0.765625 0.768750 0.759375 0.768750 0.756250 0.771875 0.753125 0.771875 0.750000 0.775000 0.746875 0.775000 0.740625 0.778125 0.737500 0.778125 0.731250 0.787500 0.721875 0.787500 0.706250 0.790625 0.703125 0.790625 0.696875 0.793750 0.693750 0.793750 0.681250 0.796875 0.678125 0.796875 0.675000 0.800000 0.671875 0.800000 0.662500 0.803125 0.659375 0.803125 0.634375 0.806250 0.631250 0.806250 0.534375 0.803125 0.531250 0.803125 0.521875 0.806250 0.518750 0.806250 0.515625 0.803125 0.512500 0.806250 0.509375 0.809375 0.509375 0.809375 0.506250 0.806250 0.506250 0.803125 0.503125 0.803125 0.500000 0.796875 0.500000 0.793750 0.496875 0.793750 0.487500 0.796875 0.484375 0.800000 0.487500 0.800000 0.493750 0.803125 0.490625 0.803125 0.484375 0.796875 0.484375 0.793750 0.481250 0.793750 0.468750 0.784375 0.468750 0.781250 0.465625 0.781250 0.462500 0.775000 0.456250 0.775000 0.450000 0.768750 0.443750 0.768750 0.440625 0.765625 0.437500 0.762500 0.437500 0.759375 0.434375 0.759375 0.431250 0.734375 0.406250 0.731250 0.406250 0.715625 0.390625 0.712500 0.390625 0.706250 0.384375 0.703125 0.384375 0.700000 0.381250 0.696875 0.381250 0.690625 0.375000 0.687500 0.375000 0.684375 0.371875 0.681250 0.371875 0.675000 0.365625 0.668750 0.365625 0.665625 0.362500 0.662500 0.362500 0.659375 0.359375 0.653125 0.359375 0.650000 0.356250 0.643750 0.356250 0.640625 0.353125 0.637500 0.353125 0.634375 0.350000 0.625000 0.350000 0.621875 0.346875 0.612500 0.346875 0.609375 0.343750 0.596875 0.343750 0.593750 0.340625 0.578125 0.340625 0.575000 0.337500 0.528125 0.337500 0.525000 0.334375 0.521875 0.337500 0.478125 0.337500 0.475000 0.340625 0.462500 0.340625 0.459375 0.343750 0.446875 0.343750 0.443750 0.346875 0.434375 0.346875 0.431250 0.350000 0.425000 0.350000 0.421875 0.353125 0.415625 0.353125 0.412500 0.356250 0.406250 0.356250 0.403125 0.359375 0.400000 0.359375 0.396875 0.362500 0.393750 0.362500 0.390625 0.365625 0.390625 0.368750 0.387500 0.371875 0.375000 0.371875 0.371875 0.375000 0.368750 0.375000 0.365625 0.371875 0.365625 0.368750 0.362500 0.368750 0.359375 0.371875 0.365625 0.371875 0.368750 0.375000 0.362500 0.381250 0.359375 0.381250 0.356250 0.378125 0.353125 0.381250 0.346875 0.381250 0.350000 0.384375 0.350000 0.390625 0.346875 0.393750 0.340625 0.393750 0.337500 0.396875 0.334375 0.396875 0.334375 0.400000 0.321875 0.412500 0.318750 0.412500 0.318750 0.415625 0.309375 0.425000 0.306250 0.425000 0.303125 0.428125 0.303125 0.431250 0.300000 0.434375 0.300000 0.437500 0.296875 0.440625 0.293750 0.437500 0.293750 0.421875 0.296875 0.418750 0.293750 0.415625 0.290625 0.415625 0.290625 0.434375 0.293750 0.437500 0.293750 0.443750 0.290625 0.446875 0.290625 0.453125 0.287500 0.456250 0.287500 0.459375 0.284375 0.462500 0.284375 0.468750 0.278125 0.475000 0.278125 0.478125 0.275000 0.481250 0.275000 0.484375 0.271875 0.487500 0.271875 0.506250 0.268750 0.509375 0.268750 0.515625 0.265625 0.518750 0.265625 0.525000 0.262500 0.528125 0.262500 0.534375 0.256250 0.540625 0.256250 0.612500 0.259375 0.615625 0.259375 0.631250 0.262500 0.634375 0.262500 0.640625 0.259375 0.643750 0.259375 0.653125 0.256250 0.656250 0.256250 0.668750 0.253125 0.671875 0.253125 0.678125 0.256250 0.681250 0.256250 0.684375 0.259375 0.687500 0.259375 0.696875 0.262500 0.700000 0.262500 0.687500 0.265625 0.684375 0.268750 0.684375 0.271875 0.687500 0.275000 0.687500 0.271875 0.687500 0.268750 0.684375 0.265625 0.684375 0.262500 0.681250 0.262500 0.678125 0.259375 0.675000 0.262500 0.671875 0.259375 0.668750 0.259375 0.646875 0.262500 0.643750 0.265625 0.643750 0.268750 0.646875 0.268750 0.653125 0.271875 0.656250 0.271875 0.668750 0.275000 0.671875 0.275000 0.678125 0.278125 0.681250 0.281250 0.681250 0.284375 0.684375 0.284375 0.687500 0.287500 0.690625 0.287500 0.693750 0.293750 0.700000 0.293750 0.703125 0.296875 0.703125 0.303125 0.709375 0.303125 0.712500 0.334375 0.743750 0.337500 0.743750 0.350000 0.756250 0.353125 0.756250 0.356250 0.759375 0.362500 0.759375 0.365625 0.762500 0.368750 0.762500 0.378125 0.771875 0.381250 0.771875 0.384375 0.775000 0.387500 0.775000 0.390625 0.778125 0.396875 0.778125 0.400000 0.781250 0.396875 0.784375 0.387500 0.784375 0.384375 0.781250 0.362500 0.781250 0.359375 0.784375 0.356250 0.784375 0.350000 0.790625 0.350000 0.796875 0.343750 0.803125 0.334375 0.803125 0.331250 0.806250 0.334375 0.809375 0.334375 0.815625 0.331250 0.818750 0.331250 0.840625 0.334375 0.843750 0.334375 0.846875 0.340625 0.853125 0.340625 0.859375 0.343750 0.862500 0.346875 0.862500 0.350000 0.865625 0.353125 0.865625 0.356250 0.868750 0.359375 0.868750 0.362500 0.871875 0.368750 0.871875 0.371875 0.868750 0.375000 0.868750 0.378125 0.871875 0.378125 0.881250 0.375000 0.884375 0.371875 0.884375 0.368750 0.887500 0.362500 0.887500 0.368750 0.887500 0.371875 0.890625 0.371875 0.893750 0.368750 0.896875 0.368750 0.900000 0.359375 0.909375 0.356250 0.906250 0.353125 0.906250 0.346875 0.900000 0.346875 0.896875 0.346875 0.900000 0.343750 0.903125 0.340625 0.900000 0.337500 0.903125 0.321875 0.903125 0.318750 0.906250 0.315625 0.906250 0.315625 0.912500 0.331250 0.928125 0.331250 0.931250 0.334375 0.931250 0.343750 0.940625 0.343750 0.943750 0.350000 0.950000 0.353125 0.950000 0.359375 0.956250 0.359375 0.959375 0.362500 0.962500 0.365625 0.962500 0.371875 0.968750 0.371875 0.937500 0.375000 0.934375 0.378125 0.937500 0.378125 0.950000 0.381250 0.953125 0.381250 0.962500 0.378125 0.965625 0.378125 0.975000 0.381250 0.978125 0.384375 0.975000 0.387500 0.978125 0.390625 0.975000 0.403125 0.975000 0.406250 0.971875 0.409375 0.975000 0.412500 0.971875 0.418750 0.971875 0.421875 0.975000 0.421875 0.981250 0.418750 0.984375 0.415625 0.984375 0.412500 0.981250 0.409375 0.981250 0.403125 0.987500 0.393750 0.987500 0.393750 0.990625 0.396875 0.993750 0.403125 0.993750 0.406250 0.996875 0.965625 0.996875 0.968750 0.993750 0.971875 0.993750 0.971875 0.990625 0.968750 0.990625 0.965625 0.993750 0.962500 0.990625 0.928125 0.990625 0.925000 0.987500 0.921875 0.987500 0.918750 0.990625 0.915625 0.990625 0.912500 0.987500 0.912500 0.984375 0.909375 0.981250 0.909375 0.978125 0.912500 0.975000 0.912500 0.968750 0.918750 0.962500 0.925000 0.968750 0.925000 0.965625 0.928125 0.962500 0.928125 0.946875 0.931250 0.943750 0.931250 0.940625 0.934375 0.937500 0.931250 0.934375 0.934375 0.931250 0.940625 0.931250 0.940625 0.928125 0.946875 0.921875 0.946875 0.918750 0.953125 0.912500 0.956250 0.912500 0.959375 0.915625 0.959375 0.918750 0.956250 0.921875 0.953125 0.921875 0.953125 0.925000 0.956250 0.928125 0.956250 0.940625 0.950000 0.946875 0.940625 0.946875 0.943750 0.950000 0.940625 0.953125 0.940625 0.959375 0.940625 0.956250 0.950000 0.946875 0.956250 0.946875 0.959375 0.943750 0.956250 0.940625 0.959375 0.937500 0.959375 0.934375 0.962500 0.931250 0.965625 0.931250 0.968750 0.934375 0.968750 0.937500 0.978125 0.937500 0.978125 0.934375 0.981250 0.931250 0.981250 0.928125 0.984375 0.925000 0.990625 0.931250 0.990625 0.934375 0.987500 0.937500 0.987500 0.943750 0.990625 0.946875 0.990625 0.950000 0.987500 0.953125 0.987500 0.956250 0.984375 0.959375 0.990625 0.965625 0.987500 0.968750 0.984375 0.968750 0.984375 0.978125 0.993750 0.968750 0.993750 0.965625 0.996875 0.962500 0.996875 0.906250 0.993750 0.903125 0.993750 0.887500 0.996875 0.884375 0.996875 0.812500 0.993750 0.809375 0.996875 0.806250 0.996875 0.771875 0.993750 0.768750 0.996875 0.765625 0.996875 0.525000 0.993750 0.528125 0.987500 0.521875 0.993750 0.515625 0.996875 0.515625 0.996875 0.503125 0.993750 0.500000 0.996875 0.496875 0.996875 0.459375 0.993750 0.459375 0.981250 0.446875 0.981250 0.443750 0.978125 0.443750 0.971875 0.437500 0.968750 0.437500 0.962500 0.431250 0.962500 0.428125 0.959375 0.428125 0.953125 0.421875 0.950000 0.421875 0.943750 0.415625 0.943750 0.409375 0.940625 0.409375 0.937500 0.406250 0.934375 0.406250 0.928125 0.400000 0.928125 0.396875 0.921875 0.390625 0.918750 0.390625 0.915625 0.387500 0.915625 0.384375 0.906250 0.375000 0.903125 0.375000 0.900000 0.371875 0.900000 0.365625 0.896875 0.365625 0.893750 0.362500 0.887500 0.362500 0.884375 0.359375 0.884375 0.356250 0.881250 0.353125 0.881250 0.350000 0.878125 0.350000 0.875000 0.346875 0.871875 0.350000 0.868750 0.346875 0.868750 0.334375 0.865625 0.331250 0.862500 0.331250 0.859375 0.328125 0.862500 0.325000 0.868750 0.325000 0.865625 0.325000 0.862500 0.321875 0.862500 0.318750 0.859375 0.315625 0.856250 0.318750 0.853125 0.318750 0.850000 0.315625 0.846875 0.318750 0.843750 0.318750 0.843750 0.325000 0.846875 0.325000 0.850000 0.328125 0.850000 0.331250 0.846875 0.334375 0.843750 0.334375 0.843750 0.340625 0.856250 0.340625 0.859375 0.343750 0.859375 0.368750 0.856250 0.371875 0.853125 0.371875 0.850000 0.368750 0.850000 0.359375 0.853125 0.356250 0.853125 0.353125 0.850000 0.350000 0.843750 0.350000 0.843750 0.403125 0.840625 0.406250 0.837500 0.406250 0.834375 0.403125 0.834375 0.393750 0.837500 0.390625 0.834375 0.387500 0.834375 0.375000 0.837500 0.371875 0.834375 0.368750 0.834375 0.356250 0.837500 0.353125 0.837500 0.350000 0.831250 0.343750 0.834375 0.340625 0.831250 0.337500 0.831250 0.334375 0.828125 0.334375 0.825000 0.337500 0.815625 0.328125 0.818750 0.325000 0.818750 0.321875 0.812500 0.315625 0.812500 0.340625 0.815625 0.343750 0.812500 0.346875 0.812500 0.353125 0.815625 0.356250 0.818750 0.356250 0.821875 0.359375 0.818750 0.362500 0.809375 0.362500 0.803125 0.356250 0.803125 0.350000 0.800000 0.346875 0.806250 0.340625 0.806250 0.337500 0.800000 0.331250 0.800000 0.328125 0.803125 0.325000 0.803125 0.315625
0 0.628125 0.306250 0.628125 0.309375 0.631250 0.309375
0 0.834375 0.303125 0.834375 0.309375 0.837500 0.309375 0.837500 0.303125
0 0.796875 0.303125 0.796875 0.309375 0.803125 0.309375 0.803125 0.306250 0.800000 0.303125
0 0.737500 0.303125 0.734375 0.306250 0.737500 0.309375
0 0.609375 0.303125 0.609375 0.309375 0.612500 0.309375 0.612500 0.306250
0 0.600000 0.300000 0.600000 0.303125 0.603125 0.303125 0.603125 0.300000
0 0.587500 0.296875 0.584375 0.300000 0.587500 0.303125 0.587500 0.309375 0.590625 0.309375 0.590625 0.296875
0 0.484375 0.293750 0.487500 0.296875 0.487500 0.300000 0.484375 0.303125 0.481250 0.300000 0.475000 0.300000 0.471875 0.303125 0.471875 0.306250 0.468750 0.309375 0.462500 0.309375 0.471875 0.309375 0.471875 0.306250 0.475000 0.303125 0.481250 0.303125 0.484375 0.306250 0.487500 0.306250 0.493750 0.312500 0.496875 0.312500 0.496875 0.303125 0.493750 0.303125 0.490625 0.300000 0.493750 0.296875 0.496875 0.296875 0.493750 0.293750
0 0.784375 0.290625 0.781250 0.293750 0.781250 0.303125 0.787500 0.309375 0.787500 0.312500 0.790625 0.309375 0.790625 0.303125 0.784375 0.296875
0 0.828125 0.287500 0.828125 0.293750 0.831250 0.293750 0.828125 0.290625
0 0.821875 0.287500 0.815625 0.293750 0.812500 0.293750 0.821875 0.293750
0 0.737500 0.287500 0.734375 0.290625 0.737500 0.293750
0 0.500000 0.284375 0.496875 0.287500 0.500000 0.290625 0.503125 0.290625 0.506250 0.287500 0.506250 0.284375
0 0.568750 0.281250 0.568750 0.287500 0.571875 0.290625 0.568750 0.293750 0.578125 0.293750 0.575000 0.290625 0.575000 0.284375 0.571875 0.281250
0 0.812500 0.271875 0.812500 0.278125 0.818750 0.278125
0 0.728125 0.268750 0.728125 0.271875 0.721875 0.278125 0.721875 0.281250 0.718750 0.284375 0.712500 0.284375 0.712500 0.287500 0.709375 0.290625 0.706250 0.290625 0.700000 0.296875 0.693750 0.296875 0.690625 0.300000 0.681250 0.300000 0.675000 0.306250 0.671875 0.306250 0.668750 0.309375 0.671875 0.309375 0.675000 0.312500 0.671875 0.315625 0.671875 0.318750 0.675000 0.321875 0.675000 0.312500 0.678125 0.309375 0.703125 0.309375 0.706250 0.312500 0.706250 0.315625 0.703125 0.318750 0.703125 0.325000 0.709375 0.325000 0.712500 0.321875 0.706250 0.315625 0.706250 0.312500 0.709375 0.309375 0.706250 0.306250 0.706250 0.296875 0.709375 0.293750 0.721875 0.293750 0.721875 0.281250 0.725000 0.278125 0.737500 0.278125 0.737500 0.271875 0.734375 0.271875 0.731250 0.268750
0 0.553125 0.265625 0.553125 0.278125 0.559375 0.278125 0.559375 0.271875
0 0.534375 0.175000 0.528125 0.181250 0.521875 0.181250 0.518750 0.184375 0.521875 0.187500 0.518750 0.190625 0.512500 0.190625 0.503125 0.200000 0.496875 0.200000 0.525000 0.200000 0.528125 0.196875 0.528125 0.187500 0.531250 0.184375 0.540625 0.184375 0.537500 0.181250 0.537500 0.178125
0 0.634375 0.081250 0.634375 0.084375 0.637500 0.081250 0.640625 0.081250 0.643750 0.084375 0.646875 0.084375 0.650000 0.081250 0.653125 0.081250
0 0.718750 0.056250 0.718750 0.065625 0.725000 0.065625 0.728125 0.068750 0.731250 0.068750 0.734375 0.071875 0.734375 0.075000 0.737500 0.075000 0.740625 0.078125 0.740625 0.081250 0.743750 0.081250 0.743750 0.078125 0.731250 0.065625 0.728125 0.065625