0 0.609375 0.859375 0.612500 0.862500 0.615625 0.859375
0 0.593750 0.859375 0.596875 0.862500 0.600000 0.862500 0.603125 0.859375
0 0.493750 0.390625 0.496875 0.393750 0.496875 0.390625
0 0.425000 0.390625 0.425000 0.400000 0.428125 0.400000 0.425000 0.396875
0 0.409375 0.371875 0.406250 0.375000 0.415625 0.384375 0.418750 0.384375 0.418750 0.381250 0.415625 0.381250 0.412500 0.378125 0.412500 0.375000
0 0.496875 0.368750 0.496875 0.371875 0.490625 0.378125 0.496875 0.378125
0 0.509375 0.359375 0.506250 0.362500 0.509375 0.365625 0.509375 0.371875 0.512500 0.371875 0.509375 0.368750 0.509375 0.365625 0.506250 0.362500
0 0.378125 0.359375 0.378125 0.362500 0.381250 0.359375
0 0.393750 0.356250 0.393750 0.368750 0.403125 0.368750 0.403125 0.365625 0.400000 0.365625 0.393750 0.359375
0 0.506250 0.350000 0.506250 0.353125 0.509375 0.353125 0.509375 0.350000
0 0.487500 0.346875 0.487500 0.350000 0.484375 0.353125 0.481250 0.350000 0.478125 0.353125 0.481250 0.356250 0.478125 0.359375 0.475000 0.359375 0.471875 0.362500 0.475000 0.365625 0.475000 0.368750 0.481250 0.375000 0.481250 0.356250 0.487500 0.350000 0.490625 0.353125 0.490625 0.356250 0.496875 0.356250 0.500000 0.353125 0.496875 0.350000 0.493750 0.350000 0.490625 0.346875
0 0.403125 0.203125 0.400000 0.206250 0.396875 0.206250 0.396875 0.209375 0.403125 0.209375
0 0.415625 0.196875 0.412500 0.200000 0.409375 0.200000 0.415625 0.200000
0 0.528125 0.128125 0.518750 0.137500 0.518750 0.140625 0.515625 0.143750 0.509375 0.143750 0.509375 0.146875 0.503125 0.153125 0.496875 0.153125 0.484375 0.165625 0.478125 0.165625 0.475000 0.168750 0.462500 0.168750 0.462500 0.171875 0.459375 0.175000 0.450000 0.175000 0.440625 0.184375 0.431250 0.184375 0.431250 0.187500 0.428125 0.190625 0.425000 0.190625 0.421875 0.193750 0.434375 0.193750 0.437500 0.190625 0.440625 0.190625 0.443750 0.193750 0.443750 0.200000 0.446875 0.200000 0.450000 0.196875 0.450000 0.187500 0.453125 0.184375 0.481250 0.184375 0.481250 0.171875 0.484375 0.168750 0.490625 0.168750 0.493750 0.171875 0.487500 0.178125 0.487500 0.187500 0.484375 0.190625 0.478125 0.190625 0.471875 0.196875 0.468750 0.196875 0.462500 0.190625 0.459375 0.190625 0.459375 0.200000 0.462500 0.203125 0.459375 0.206250 0.456250 0.206250 0.453125 0.209375 0.450000 0.206250 0.446875 0.206250 0.443750 0.209375 0.443750 0.212500 0.440625 0.215625 0.437500 0.215625 0.431250 0.221875 0.428125 0.221875 0.425000 0.225000 0.415625 0.225000 0.409375 0.231250 0.409375 0.234375 0.406250 0.237500 0.400000 0.237500 0.396875 0.240625 0.396875 0.243750 0.393750 0.246875 0.387500 0.246875 0.384375 0.243750 0.384375 0.246875 0.378125 0.253125 0.368750 0.253125 0.368750 0.256250 0.359375 0.265625 0.356250 0.265625 0.353125 0.262500 0.356250 0.259375 0.356250 0.243750 0.362500 0.237500 0.365625 0.240625 0.365625 0.243750 0.371875 0.243750 0.371875 0.228125 0.375000 0.225000 0.378125 0.225000 0.381250 0.228125 0.384375 0.228125 0.387500 0.225000 0.387500 0.218750 0.390625 0.215625 0.393750 0.215625 0.381250 0.215625 0.378125 0.218750 0.375000 0.218750 0.371875 0.221875 0.365625 0.221875 0.362500 0.225000 0.350000 0.225000 0.346875 0.228125 0.334375 0.228125 0.331250 0.231250 0.331250 0.234375 0.328125 0.237500 0.325000 0.237500 0.321875 0.240625 0.318750 0.240625 0.315625 0.243750 0.312500 0.243750 0.309375 0.246875 0.306250 0.243750 0.303125 0.246875 0.303125 0.262500 0.296875 0.268750 0.300000 0.268750 0.303125 0.271875 0.309375 0.271875 0.312500 0.275000 0.328125 0.275000 0.331250 0.278125 0.331250 0.281250 0.328125 0.284375 0.325000 0.284375 0.325000 0.287500 0.328125 0.287500 0.331250 0.290625 0.331250 0.293750 0.340625 0.293750 0.343750 0.296875 0.340625 0.300000 0.334375 0.300000 0.337500 0.303125 0.337500 0.306250 0.334375 0.309375 0.340625 0.309375 0.340625 0.306250 0.343750 0.303125 0.346875 0.306250 0.346875 0.309375 0.350000 0.312500 0.350000 0.315625 0.359375 0.315625 0.362500 0.318750 0.365625 0.318750 0.368750 0.321875 0.365625 0.325000 0.371875 0.325000 0.375000 0.328125 0.375000 0.331250 0.378125 0.334375 0.384375 0.334375 0.387500 0.337500 0.390625 0.337500 0.393750 0.340625 0.393750 0.346875 0.396875 0.350000 0.406250 0.350000 0.412500 0.356250 0.412500 0.365625 0.421875 0.365625 0.425000 0.368750 0.428125 0.368750 0.431250 0.371875 0.434375 0.371875 0.434375 0.343750 0.437500 0.340625 0.440625 0.340625 0.440625 0.337500 0.443750 0.334375 0.443750 0.331250 0.456250 0.318750 0.459375 0.321875 0.462500 0.321875 0.465625 0.318750 0.465625 0.312500 0.468750 0.309375 0.471875 0.309375 0.478125 0.303125 0.506250 0.303125 0.509375 0.300000 0.512500 0.300000 0.512500 0.296875 0.515625 0.293750 0.521875 0.293750 0.525000 0.296875 0.525000 0.300000 0.543750 0.300000 0.546875 0.303125 0.550000 0.303125 0.553125 0.306250 0.556250 0.306250 0.559375 0.309375 0.575000 0.309375 0.578125 0.312500 0.578125 0.315625 0.587500 0.325000 0.590625 0.325000 0.593750 0.328125 0.596875 0.328125 0.600000 0.331250 0.600000 0.334375 0.603125 0.337500 0.603125 0.343750 0.606250 0.343750 0.609375 0.346875 0.606250 0.350000 0.606250 0.353125 0.609375 0.356250 0.609375 0.359375 0.612500 0.359375 0.618750 0.365625 0.618750 0.368750 0.621875 0.368750 0.625000 0.371875 0.625000 0.375000 0.628125 0.375000 0.631250 0.378125 0.631250 0.390625 0.634375 0.393750 0.631250 0.396875 0.631250 0.409375 0.625000 0.415625 0.625000 0.418750 0.621875 0.421875 0.618750 0.421875 0.618750 0.425000 0.612500 0.431250 0.609375 0.428125 0.609375 0.434375 0.606250 0.437500 0.603125 0.434375 0.603125 0.421875 0.587500 0.421875 0.584375 0.418750 0.587500 0.415625 0.581250 0.415625 0.581250 0.418750 0.575000 0.425000 0.568750 0.425000 0.562500 0.431250 0.559375 0.428125 0.553125 0.428125 0.550000 0.431250 0.543750 0.431250 0.540625 0.428125 0.537500 0.428125 0.534375 0.431250 0.478125 0.431250 0.475000 0.428125 0.462500 0.428125 0.459375 0.425000 0.453125 0.425000 0.450000 0.421875 0.437500 0.421875 0.434375 0.418750 0.434375 0.412500 0.431250 0.412500 0.428125 0.409375 0.428125 0.406250 0.421875 0.406250 0.418750 0.403125 0.418750 0.390625 0.406250 0.390625 0.403125 0.387500 0.403125 0.381250 0.400000 0.381250 0.396875 0.378125 0.390625 0.378125 0.387500 0.375000 0.375000 0.375000 0.371875 0.371875 0.371875 0.365625 0.365625 0.359375 0.359375 0.359375 0.356250 0.356250 0.356250 0.350000 0.359375 0.346875 0.362500 0.350000 0.368750 0.350000 0.371875 0.353125 0.371875 0.343750 0.362500 0.343750 0.356250 0.350000 0.353125 0.350000 0.350000 0.346875 0.343750 0.346875 0.340625 0.343750 0.340625 0.337500 0.343750 0.334375 0.346875 0.337500 0.350000 0.337500 0.353125 0.334375 0.356250 0.334375 0.356250 0.328125 0.346875 0.328125 0.346875 0.331250 0.340625 0.337500 0.337500 0.337500 0.334375 0.334375 0.334375 0.331250 0.331250 0.328125 0.331250 0.318750 0.321875 0.318750 0.312500 0.328125 0.309375 0.328125 0.306250 0.331250 0.300000 0.331250 0.300000 0.334375 0.296875 0.337500 0.296875 0.356250 0.293750 0.359375 0.290625 0.359375 0.290625 0.362500 0.284375 0.368750 0.284375 0.371875 0.281250 0.375000 0.281250 0.387500 0.278125 0.390625 0.271875 0.390625 0.271875 0.393750 0.265625 0.400000 0.265625 0.418750 0.262500 0.421875 0.259375 0.421875 0.259375 0.425000 0.253125 0.431250 0.253125 0.443750 0.250000 0.446875 0.250000 0.521875 0.246875 0.525000 0.243750 0.525000 0.250000 0.531250 0.250000 0.590625 0.253125 0.587500 0.256250 0.590625 0.256250 0.609375 0.259375 0.612500 0.259375 0.618750 0.256250 0.621875 0.256250 0.625000 0.259375 0.625000 0.259375 0.612500 0.262500 0.609375 0.265625 0.609375 0.271875 0.615625 0.271875 0.625000 0.268750 0.628125 0.265625 0.628125 0.265625 0.631250 0.262500 0.634375 0.259375 0.631250 0.256250 0.631250 0.256250 0.634375 0.253125 0.637500 0.250000 0.637500 0.246875 0.640625 0.250000 0.643750 0.246875 0.646875 0.246875 0.650000 0.243750 0.653125 0.250000 0.659375 0.250000 0.671875 0.253125 0.675000 0.253125 0.684375 0.256250 0.687500 0.256250 0.690625 0.259375 0.693750 0.259375 0.700000 0.262500 0.703125 0.262500 0.709375 0.268750 0.715625 0.268750 0.721875 0.275000 0.728125 0.275000 0.731250 0.281250 0.737500 0.281250 0.740625 0.284375 0.743750 0.284375 0.746875 0.290625 0.753125 0.290625 0.762500 0.293750 0.762500 0.296875 0.765625 0.296875 0.768750 0.300000 0.771875 0.300000 0.775000 0.306250 0.781250 0.306250 0.784375 0.328125 0.806250 0.331250 0.806250 0.334375 0.809375 0.334375 0.840625 0.337500 0.843750 0.337500 0.846875 0.340625 0.850000 0.340625 0.853125 0.343750 0.856250 0.343750 0.859375 0.346875 0.862500 0.350000 0.862500 0.350000 0.856250 0.353125 0.853125 0.353125 0.850000 0.356250 0.846875 0.359375 0.850000 0.359375 0.853125 0.368750 0.853125 0.371875 0.850000 0.375000 0.853125 0.375000 0.856250 0.371875 0.859375 0.359375 0.859375 0.362500 0.862500 0.359375 0.865625 0.356250 0.865625 0.359375 0.865625 0.362500 0.868750 0.365625 0.868750 0.365625 0.865625 0.362500 0.862500 0.365625 0.859375 0.371875 0.859375 0.375000 0.862500 0.375000 0.868750 0.375000 0.862500 0.378125 0.859375 0.375000 0.856250 0.378125 0.853125 0.384375 0.853125 0.387500 0.850000 0.390625 0.850000 0.393750 0.853125 0.425000 0.853125 0.428125 0.856250 0.437500 0.856250 0.440625 0.859375 0.453125 0.859375 0.456250 0.862500 0.459375 0.862500 0.462500 0.865625 0.465625 0.862500 0.468750 0.862500 0.471875 0.865625 0.484375 0.865625 0.487500 0.868750 0.490625 0.865625 0.493750 0.865625 0.496875 0.862500 0.500000 0.862500 0.503125 0.865625 0.506250 0.865625 0.509375 0.862500 0.515625 0.862500 0.518750 0.865625 0.521875 0.865625 0.525000 0.862500 0.556250 0.862500 0.559375 0.859375 0.562500 0.862500 0.571875 0.862500 0.575000 0.859375 0.578125 0.862500 0.581250 0.862500 0.584375 0.859375 0.587500 0.859375 0.584375 0.856250 0.587500 0.853125 0.603125 0.853125 0.606250 0.850000 0.615625 0.850000 0.618750 0.846875 0.625000 0.846875 0.628125 0.843750 0.634375 0.843750 0.637500 0.840625 0.646875 0.850000 0.650000 0.850000 0.653125 0.846875 0.656250 0.850000 0.656250 0.853125 0.659375 0.850000 0.662500 0.850000 0.665625 0.846875 0.675000 0.846875 0.678125 0.843750 0.681250 0.843750 0.678125 0.840625 0.681250 0.837500 0.681250 0.834375 0.684375 0.831250 0.687500 0.834375 0.687500 0.837500 0.690625 0.834375 0.696875 0.834375 0.700000 0.831250 0.706250 0.831250 0.709375 0.834375 0.712500 0.834375 0.715625 0.831250 0.718750 0.834375 0.721875 0.834375 0.725000 0.837500 0.728125 0.837500 0.737500 0.828125 0.737500 0.818750 0.734375 0.815625 0.734375 0.809375 0.737500 0.806250 0.737500 0.803125 0.740625 0.800000 0.740625 0.793750 0.743750 0.790625 0.746875 0.790625 0.753125 0.784375 0.753125 0.781250 0.759375 0.775000 0.759375 0.771875 0.762500 0.768750 0.762500 0.762500 0.771875 0.753125 0.771875 0.746875 0.775000 0.743750 0.775000 0.740625 0.778125 0.737500 0.778125 0.731250 0.781250 0.728125 0.781250 0.725000 0.784375 0.721875 0.784375 0.715625 0.787500 0.712500 0.787500 0.703125 0.790625 0.700000 0.790625 0.696875 0.793750 0.693750 0.793750 0.681250 0.796875 0.678125 0.796875 0.668750 0.800000 0.665625 0.800000 0.646875 0.803125 0.643750 0.803125 0.640625 0.800000 0.637500 0.800000 0.634375 0.803125 0.631250 0.803125 0.603125 0.800000 0.600000 0.800000 0.565625 0.796875 0.562500 0.796875 0.546875 0.793750 0.543750 0.793750 0.525000 0.790625 0.521875 0.790625 0.515625 0.787500 0.512500 0.787500 0.484375 0.790625 0.481250 0.793750 0.481250 0.790625 0.481250 0.787500 0.478125 0.787500 0.468750 0.790625 0.465625 0.787500 0.462500 0.787500 0.453125 0.784375 0.450000 0.784375 0.443750 0.778125 0.437500 0.778125 0.421875 0.775000 0.418750 0.775000 0.415625 0.771875 0.412500 0.771875 0.409375 0.768750 0.406250 0.765625 0.406250 0.762500 0.403125 0.762500 0.390625 0.759375 0.387500 0.759375 0.381250 0.753125 0.375000 0.750000 0.375000 0.746875 0.371875 0.746875 0.362500 0.743750 0.359375 0.737500 0.359375 0.731250 0.353125 0.731250 0.343750 0.728125 0.343750 0.725000 0.340625 0.725000 0.334375 0.721875 0.331250 0.721875 0.328125 0.718750 0.328125 0.715625 0.325000 0.715625 0.321875 0.712500 0.321875 0.706250 0.315625 0.706250 0.312500 0.703125 0.312500 0.700000 0.309375 0.700000 0.306250 0.696875 0.306250 0.687500 0.296875 0.696875 0.287500 0.703125 0.287500 0.721875 0.268750 0.721875 0.265625 0.725000 0.262500 0.725000 0.259375 0.731250 0.253125 0.731250 0.243750 0.734375 0.240625 0.734375 0.234375 0.743750 0.225000 0.750000 0.225000 0.753125 0.221875 0.756250 0.225000 0.765625 0.225000 0.768750 0.221875 0.771875 0.221875 0.740625 0.221875 0.737500 0.218750 0.737500 0.212500 0.740625 0.209375 0.746875 0.209375 0.746875 0.206250 0.740625 0.206250 0.737500 0.203125 0.740625 0.200000 0.746875 0.200000 0.743750 0.196875 0.743750 0.193750 0.737500 0.187500 0.740625 0.184375 0.740625 0.178125 0.737500 0.175000 0.737500 0.178125 0.734375 0.181250 0.734375 0.184375 0.731250 0.187500 0.728125 0.187500 0.728125 0.193750 0.715625 0.206250 0.712500 0.206250 0.700000 0.218750 0.693750 0.218750 0.687500 0.225000 0.678125 0.225000 0.675000 0.228125 0.668750 0.228125 0.665625 0.225000 0.662500 0.225000 0.656250 0.231250 0.653125 0.228125 0.646875 0.228125 0.643750 0.231250 0.640625 0.231250 0.637500 0.228125 0.631250 0.228125 0.628125 0.231250 0.625000 0.231250 0.621875 0.228125 0.615625 0.228125 0.612500 0.231250 0.609375 0.231250 0.606250 0.228125 0.600000 0.228125 0.596875 0.225000 0.587500 0.225000 0.584375 0.221875 0.581250 0.221875 0.578125 0.218750 0.575000 0.218750 0.565625 0.209375 0.562500 0.209375 0.553125 0.200000 0.553125 0.196875 0.543750 0.187500 0.543750 0.184375 0.540625 0.181250 0.540625 0.178125 0.534375 0.171875 0.534375 0.159375 0.531250 0.159375 0.528125 0.156250 0.528125 0.140625 0.531250 0.137500 0.534375 0.137500 0.534375 0.128125 0.534375 0.134375 0.531250 0.137500 0.528125 0.134375
0 0.656250 0.087500 0.653125 0.090625 0.665625 0.090625 0.662500 0.090625 0.659375 0.087500
0 0.631250 0.081250 0.631250 0.084375 0.646875 0.084375 0.643750 0.081250
0 0.603125 0.068750 0.600000 0.071875 0.600000 0.075000 0.631250 0.075000 0.621875 0.075000 0.618750 0.071875 0.615625 0.075000 0.606250 0.075000 0.603125 0.071875
0 0.525000 0.065625 0.525000 0.068750 0.521875 0.071875 0.521875 0.075000 0.521875 0.071875 0.525000 0.068750 0.528125 0.071875 0.528125 0.065625
0 0.600000 0.003125 0.596875 0.006250 0.593750 0.006250 0.593750 0.021875 0.590625 0.025000 0.581250 0.015625 0.581250 0.012500 0.587500 0.006250 0.575000 0.018750 0.568750 0.018750 0.562500 0.025000 0.562500 0.028125 0.559375 0.031250 0.556250 0.031250 0.553125 0.034375 0.550000 0.034375 0.546875 0.037500 0.540625 0.037500 0.537500 0.040625 0.534375 0.040625 0.528125 0.046875 0.525000 0.046875 0.521875 0.050000 0.518750 0.050000 0.512500 0.056250 0.506250 0.056250 0.503125 0.059375 0.503125 0.062500 0.500000 0.065625 0.496875 0.062500 0.493750 0.062500 0.490625 0.065625 0.487500 0.065625 0.484375 0.068750 0.484375 0.075000 0.487500 0.075000 0.493750 0.068750 0.506250 0.068750 0.509375 0.065625 0.512500 0.065625 0.509375 0.062500 0.512500 0.059375 0.534375 0.059375 0.537500 0.062500 0.537500 0.075000 0.553125 0.075000 0.556250 0.078125 0.556250 0.087500 0.559375 0.087500 0.559375 0.081250 0.556250 0.078125 0.559375 0.075000 0.587500 0.075000 0.590625 0.071875 0.590625 0.068750 0.578125 0.068750 0.575000 0.065625 0.565625 0.065625 0.562500 0.068750 0.559375 0.065625 0.556250 0.065625 0.553125 0.062500 0.556250 0.059375 0.612500 0.059375 0.600000 0.046875 0.600000 0.037500 0.596875 0.037500 0.593750 0.034375 0.590625 0.034375 0.587500 0.031250 0.587500 0.028125 0.590625 0.025000 0.593750 0.028125 0.600000 0.028125 0.600000 0.021875 0.596875 0.018750 0.596875 0.015625 0.603125 0.009375 0.609375 0.015625 0.609375 0.025000 0.612500 0.028125 0.615625 0.025000 0.621875 0.025000 0.625000 0.028125 0.628125 0.028125 0.631250 0.025000 0.628125 0.021875 0.628125 0.012500 0.634375 0.006250 0.637500 0.009375 0.637500 0.006250 0.631250 0.006250 0.628125 0.003125 0.625000 0.006250 0.618750 0.006250 0.615625 0.003125