0 0.515625 0.831250 0.512500 0.834375 0.503125 0.834375 0.496875 0.840625 0.496875 0.843750 0.503125 0.850000 0.506250 0.850000 0.512500 0.856250 0.512500 0.859375 0.515625 0.862500 0.525000 0.862500 0.528125 0.859375 0.534375 0.859375 0.537500 0.856250 0.540625 0.856250 0.546875 0.850000 0.550000 0.850000 0.556250 0.843750 0.556250 0.840625 0.553125 0.840625 0.550000 0.837500 0.546875 0.837500 0.543750 0.834375 0.534375 0.834375 0.531250 0.831250
0 0.603125 0.828125 0.603125 0.831250 0.606250 0.834375 0.615625 0.834375 0.618750 0.831250 0.615625 0.831250 0.612500 0.828125
0 0.403125 0.815625 0.406250 0.818750 0.418750 0.818750 0.418750 0.815625
0 0.371875 0.803125 0.375000 0.806250 0.387500 0.806250 0.384375 0.803125
0 0.690625 0.793750 0.687500 0.796875 0.678125 0.796875 0.675000 0.800000 0.665625 0.800000 0.659375 0.806250 0.659375 0.812500 0.656250 0.815625 0.675000 0.815625 0.678125 0.812500 0.681250 0.812500 0.684375 0.809375 0.687500 0.809375 0.687500 0.806250 0.690625 0.803125
0 0.356250 0.790625 0.353125 0.793750 0.362500 0.793750 0.359375 0.793750
0 0.318750 0.765625 0.318750 0.768750 0.321875 0.768750 0.325000 0.771875 0.328125 0.771875 0.331250 0.768750 0.328125 0.765625
0 0.753125 0.750000 0.750000 0.753125 0.743750 0.753125 0.734375 0.762500 0.731250 0.762500 0.725000 0.768750 0.728125 0.771875 0.728125 0.775000 0.740625 0.775000 0.743750 0.771875 0.750000 0.771875 0.753125 0.768750 0.759375 0.768750 0.759375 0.756250 0.756250 0.753125 0.756250 0.750000
0 0.256250 0.693750 0.253125 0.696875 0.253125 0.715625 0.256250 0.718750 0.256250 0.721875 0.259375 0.725000 0.259375 0.728125 0.265625 0.734375 0.265625 0.737500 0.268750 0.740625 0.271875 0.740625 0.278125 0.746875 0.287500 0.746875 0.290625 0.750000 0.306250 0.750000 0.306250 0.740625 0.303125 0.737500 0.303125 0.734375 0.300000 0.731250 0.300000 0.725000 0.287500 0.712500 0.287500 0.709375 0.284375 0.706250 0.284375 0.703125 0.278125 0.696875 0.275000 0.696875 0.271875 0.693750
0 0.803125 0.656250 0.803125 0.659375 0.796875 0.665625 0.796875 0.668750 0.793750 0.671875 0.793750 0.675000 0.790625 0.678125 0.790625 0.693750 0.787500 0.696875 0.784375 0.696875 0.762500 0.718750 0.765625 0.721875 0.765625 0.728125 0.768750 0.731250 0.781250 0.731250 0.790625 0.721875 0.793750 0.721875 0.793750 0.715625 0.796875 0.712500 0.796875 0.703125 0.793750 0.700000 0.793750 0.687500 0.812500 0.668750 0.815625 0.668750 0.815625 0.665625 0.812500 0.665625 0.806250 0.659375 0.806250 0.656250
0 0.228125 0.512500 0.221875 0.518750 0.221875 0.521875 0.218750 0.525000 0.218750 0.528125 0.215625 0.531250 0.215625 0.537500 0.212500 0.540625 0.212500 0.553125 0.215625 0.556250 0.215625 0.562500 0.225000 0.571875 0.225000 0.575000 0.228125 0.578125 0.228125 0.581250 0.231250 0.584375 0.234375 0.581250 0.237500 0.581250 0.240625 0.578125 0.240625 0.571875 0.243750 0.568750 0.243750 0.546875 0.246875 0.543750 0.246875 0.540625 0.243750 0.537500 0.243750 0.521875 0.240625 0.518750 0.240625 0.515625 0.237500 0.512500
0 0.815625 0.487500 0.815625 0.490625 0.812500 0.493750 0.812500 0.496875 0.809375 0.500000 0.809375 0.509375 0.806250 0.512500 0.806250 0.515625 0.815625 0.525000 0.818750 0.521875 0.818750 0.493750 0.815625 0.490625